32 
32 
32 
32 
32 
32 
116 
114 
121 
58 
32 
115 
101 
108 
102 
46 
111 
118 
101 
114 
108 
97 
121 
46 
115 
104 
111 
119 
40 
41 
59 
32 
115 
101 
108 
102 
46 
111 
118 
101 
114 
108 
97 
121 
46 
114 
97 
105 
115 
101 
95 
40 
41 
10 
32 
32 
32 
32 
32 
32 
32 
32 
32 
32 
32 
32 
101 
120 
99 
101 
112 
116 
32 
69 
120 
99 
101 
112 
116 
105 
111 
110 
58 
32 
112 
97 
115 
115 
10 
32 
32 
32 
32 
32 
32 
32 
32 
101 
120 
99 
101 
112 
116 
32 
69 
120 
99 
101 
112 
116 
105 
111 
110 
58 
10 
32 
32 
32 
32 
32 
32 
32 
32 
32 
32 
32 
32 
112 
97 
115 
115 
10 
10 
32 
32 
32 
32 
100 
101 
102 
32 
95 
111 
118 
101 
114 
108 
97 
121 
95 
115 
109 
111 
107 
101 
95 
111 
110 
99 
101 
40 
115 
101 
108 
102 
41 
32 
45 
62 
32 
78 
111 
110 
101 
58 
10 
32 
32 
32 
32 
32 
32 
32 
32 
34 
34 
34 
50724 
48260 
47112 
51060 
32 
49828 
47784 
53356 
58 
32 
51221 
44508 
54868 
13 
10 

